layout_spectrum: 1
color:
  saturation: 0.3064516
  lightness: 0.983871
  brandStrength: 0.6774194
  rhythmicContrast: 0.811828
typography_spectrum: 0.4543069
name: '160408'
